1 threshold 0 0  	
1 threshold 0 0  	
1 threshold 0 0  	
1 threshold 0 0  	
1 threshold 0 0  	
1 threshold 999999 1  	
1 linear 999999 1  	
1 tanh 4 2  	
1 threshold 2 2  	
1 sin 1 2  	
1 threshold 3 2  	
0 0 0 6 1 -2.32601 0 	
0 1 2 5 1 -0.84492 1 	
0 3 3 5 0 -2.45579 3 	
0 7 3 6 1 7.29725 7 	
0 10 3 7 0 -1.23984 10 	
0 11 7 5 1 -0.0164342 11 	
0 15 3 8 0 0.21511 15 	
0 16 8 7 0 2.18644 16 	
0 21 3 9 1 2.375 21 	
0 22 9 8 1 -1.94153 22 	
0 29 0 8 1 -3.26139 29 	
0 33 2 8 1 -1.40872 33 	
0 35 8 10 1 -0.0772728 35 	
0 57 10 7 1 1.90695 57 	
