1 sigmoid 0 0  	
1 sigmoid 0 0  	
1 sigmoid 0 0  	
1 sigmoid 999999 1  	
1 sigmoid 999999 1  	
1 sigmoid 999999 1  	
1 sigmoid 1 2  	
1 sigmoid 1 2  	
1 sigmoid 1 2  	
1 sigmoid 1 2  	
1 sigmoid 1 2  	
0 0 0 6 1 7.71162 0 	
0 1 1 6 1 -6.7387 1 	
0 2 0 7 1 7.71162 2 	
0 3 1 7 1 -6.7387 3 	
0 4 0 8 1 7.71162 4 	
0 5 1 8 1 -6.7387 5 	
0 6 0 9 1 7.71162 6 	
0 7 1 9 1 -6.7387 7 	
0 8 0 10 1 7.71162 8 	
0 9 1 10 1 -6.7387 9 	
0 10 6 3 1 -33.2446 10 	
0 11 6 4 1 -0.399729 11 	
0 12 6 5 1 0.399729 12 	
0 13 7 3 1 -33.2446 13 	
0 14 7 4 1 -0.399729 14 	
0 15 7 5 1 0.399729 15 	
0 16 8 3 1 -33.2446 16 	
0 17 8 4 1 -0.399729 17 	
0 18 8 5 1 0.399729 18 	
0 19 9 3 1 -33.2446 19 	
0 20 9 4 1 -0.399729 20 	
0 21 9 5 1 0.399729 21 	
0 22 10 3 1 -33.2446 22 	
0 23 10 4 1 -0.399729 23 	
0 24 10 5 1 0.399729 24 	
