1 sigmoid 0 0  	
1 sigmoid 0 0  	
1 sigmoid 0 0  	
1 sigmoid 999999 1  	
1 sigmoid 999999 1  	
1 sigmoid 999999 1  	
1 sigmoid 1 2  	
1 sigmoid 1 2  	
1 sigmoid 1 2  	
1 sigmoid 1 2  	
1 sigmoid 1 2  	
1 sigmoid 2 2  	
1 sigmoid 2 2  	
1 sigmoid 2 2  	
1 sigmoid 2 2  	
1 sigmoid 2 2  	
0 0 0 6 1 5.23525 0 	
0 1 1 6 1 -0.301477 1 	
0 2 2 6 1 -2.90482 2 	
0 3 0 7 1 5.23525 3 	
0 4 1 7 1 -0.301477 4 	
0 5 2 7 1 -2.90482 5 	
0 6 0 8 1 5.23525 6 	
0 7 1 8 1 -0.301477 7 	
0 8 2 8 1 -2.90482 8 	
0 9 0 9 1 5.23525 9 	
0 10 1 9 1 -0.301477 10 	
0 11 2 9 1 -2.90482 11 	
0 12 0 10 1 5.23525 12 	
0 13 1 10 1 -0.301477 13 	
0 14 2 10 1 -2.90482 14 	
0 15 6 11 1 1.96814 15 	
0 16 6 12 1 1.96814 16 	
0 17 6 13 1 1.96814 17 	
0 18 6 14 1 1.96814 18 	
0 19 6 15 1 1.96814 19 	
0 20 7 11 1 1.96814 20 	
0 21 7 12 1 1.96814 21 	
0 22 7 13 1 1.96814 22 	
0 23 7 14 1 1.96814 23 	
0 24 7 15 1 1.96814 24 	
0 25 8 11 1 1.96814 25 	
0 26 8 12 1 1.96814 26 	
0 27 8 13 1 1.96814 27 	
0 28 8 14 1 1.96814 28 	
0 29 8 15 1 1.96814 29 	
0 30 9 11 1 1.96814 30 	
0 31 9 12 1 1.96814 31 	
0 32 9 13 1 1.96814 32 	
0 33 9 14 1 1.96814 33 	
0 34 9 15 1 1.96814 34 	
0 35 10 11 1 1.96814 35 	
0 36 10 12 1 1.96814 36 	
0 37 10 13 1 1.96814 37 	
0 38 10 14 1 1.96814 38 	
0 39 10 15 1 1.96814 39 	
0 40 2 11 1 -4.30108 40 	
0 41 2 12 1 -4.30108 41 	
0 42 2 13 1 -4.30108 42 	
0 43 2 14 1 -4.30108 43 	
0 44 2 15 1 -4.30108 44 	
0 45 11 3 1 -1.6627 45 	
0 46 11 4 1 -3.7345 46 	
0 47 11 5 1 3.73449 47 	
0 48 12 3 1 -1.6627 48 	
0 49 12 4 1 -3.7345 49 	
0 50 12 5 1 3.73449 50 	
0 51 13 3 1 -1.6627 51 	
0 52 13 4 1 -3.7345 52 	
0 53 13 5 1 3.73449 53 	
0 54 14 3 1 -1.6627 54 	
0 55 14 4 1 -3.7345 55 	
0 56 14 5 1 3.73449 56 	
0 57 15 3 1 -1.6627 57 	
0 58 15 4 1 -3.7345 58 	
0 59 15 5 1 3.73449 59 	
0 60 2 3 1 -6.88107 60 	
0 61 2 4 1 8.74862 61 	
0 62 2 5 1 -8.74858 62 	
